[gd_scene format=3 uid="uid://dg7w8oj0xccv"]

[ext_resource type="ArrayMesh" uid="uid://dd1jbcinbgpao" path="res://assets/maps/OBJ/Grass1.obj" id="2_vfrjh"]
[ext_resource type="ArrayMesh" uid="uid://cr1tinqn0pth4" path="res://assets/maps/OBJ/Grass2.obj" id="3_ubdp6"]
[ext_resource type="ArrayMesh" uid="uid://b746y5qyrhpj0" path="res://assets/maps/OBJ/Grass.obj" id="4_0dv4q"]
[ext_resource type="ArrayMesh" uid="uid://bm5qnwhb2whi6" path="res://assets/maps/OBJ/Rock3.obj" id="5_fvn4k"]
[ext_resource type="ArrayMesh" uid="uid://3h8l0e8x4hkd" path="res://assets/maps/OBJ/Sign_Right.obj" id="6_pidro"]
[ext_resource type="ArrayMesh" uid="uid://ct45rewaipbrd" path="res://assets/maps/OBJ/Tree1.obj" id="7_jlssg"]
[ext_resource type="ArrayMesh" uid="uid://bgg6oukp7ckag" path="res://assets/maps/OBJ/Tree2.obj" id="8_xnehm"]

[sub_resource type="BoxShape3D" id="BoxShape3D_wug0r"]
size = Vector3(1.7353516, 0.5328369, 3.111145)

[node name="PlatformBottomLeft" type="StaticBody3D" unique_id=1126508271]

[node name="CollisionShape3D" type="CollisionShape3D" parent="." unique_id=603268761]
transform = Transform3D(1, 0, 0, 0, 1, 0, 0, 0, 1, 0.10205078, 0.74420166, 0.009979248)
shape = SubResource("BoxShape3D_wug0r")

[node name="Grass1" type="MeshInstance3D" parent="." unique_id=920613188]
transform = Transform3D(1, 0, 0, 0, 1, 0, 0, 0, 1, 0, 0.6973153, 1.4096203)
mesh = ExtResource("2_vfrjh")

[node name="Grass2" type="MeshInstance3D" parent="." unique_id=180292402]
transform = Transform3D(-0.6134724, 0, 0.7897162, 0, 1, 0, -0.7897162, 0, -0.6134724, 0, 0.66998506, 1.2820792)
mesh = ExtResource("2_vfrjh")

[node name="Grass3" type="MeshInstance3D" parent="." unique_id=1530206390]
transform = Transform3D(1, 0, 0, 0, 1, 0, 0, 0, 1, 0, 0.8795169, 0.98144627)
mesh = ExtResource("3_ubdp6")

[node name="Grass4" type="MeshInstance3D" parent="." unique_id=1443200260]
transform = Transform3D(0.9998406, 0, -0.01785377, 0, 1, 0, 0.01785377, 0, 0.9998406, 0, 0.8795169, 0.76280403)
mesh = ExtResource("3_ubdp6")

[node name="Grass" type="MeshInstance3D" parent="." unique_id=268972789]
transform = Transform3D(1, 0, 0, 0, 1, 0, 0, 0, 1, 0, 0.7884161, 0.46217108)
mesh = ExtResource("4_0dv4q")

[node name="Grass5" type="MeshInstance3D" parent="." unique_id=942507233]
transform = Transform3D(1, 0, 0, 0, 1, 0, 0, 0, 1, 0, 0.6973153, -0.4852779)
mesh = ExtResource("2_vfrjh")

[node name="Grass6" type="MeshInstance3D" parent="." unique_id=1742090976]
transform = Transform3D(-0.6134724, 0, 0.7897162, 0, 1, 0, -0.7897162, 0, -0.6134724, 0, 0.66998506, -0.61281896)
mesh = ExtResource("2_vfrjh")

[node name="Grass7" type="MeshInstance3D" parent="." unique_id=141573495]
transform = Transform3D(1, 0, 0, 0, 1, 0, 0, 0, 1, 0, 0.8795169, -0.9134519)
mesh = ExtResource("3_ubdp6")

[node name="Grass8" type="MeshInstance3D" parent="." unique_id=697673083]
transform = Transform3D(0.9998406, 0, -0.01785377, 0, 1, 0, 0.01785377, 0, 0.9998406, 0, 0.8795169, -1.1320941)
mesh = ExtResource("3_ubdp6")

[node name="Grass9" type="MeshInstance3D" parent="." unique_id=1137195834]
transform = Transform3D(1, 0, 0, 0, 1, 0, 0, 0, 1, 0, 0.7884161, -1.4327271)
mesh = ExtResource("4_0dv4q")

[node name="Grass10" type="MeshInstance3D" parent="." unique_id=1788721055]
transform = Transform3D(1, 0, 0, 0, 1, 0, 0, 0, 1, 0, 0.6973153, 0.36195993)
mesh = ExtResource("2_vfrjh")

[node name="Grass11" type="MeshInstance3D" parent="." unique_id=2054417042]
transform = Transform3D(-0.6134724, 0, 0.7897162, 0, 1, 0, -0.7897162, 0, -0.6134724, 0, 0.66998506, 0.23441887)
mesh = ExtResource("2_vfrjh")

[node name="Grass12" type="MeshInstance3D" parent="." unique_id=687469049]
transform = Transform3D(1, 0, 0, 0, 1, 0, 0, 0, 1, 0, 0.8795169, -0.066214085)
mesh = ExtResource("3_ubdp6")

[node name="Grass30" type="MeshInstance3D" parent="." unique_id=1632606257]
transform = Transform3D(1, 0, 0, 0, 1, 0, 0, 0, 1, -0.15805471, 0.6973153, 1.1666746)
mesh = ExtResource("2_vfrjh")

[node name="Grass31" type="MeshInstance3D" parent="." unique_id=1799185366]
transform = Transform3D(-0.6134724, 0, 0.7897162, 0, 1, 0, -0.7897162, 0, -0.6134724, -0.48195422, 0.66998506, 1.2820792)
mesh = ExtResource("2_vfrjh")

[node name="Grass32" type="MeshInstance3D" parent="." unique_id=38381052]
transform = Transform3D(1, 0, 0, 0, 1, 0, 0, 0, 1, -0.48195422, 0.8795169, 0.98144627)
mesh = ExtResource("3_ubdp6")

[node name="Grass33" type="MeshInstance3D" parent="." unique_id=189209632]
transform = Transform3D(0.9998406, 0, -0.01785377, 0, 1, 0, 0.01785377, 0, 0.9998406, -0.48195422, 0.8795169, 0.76280403)
mesh = ExtResource("3_ubdp6")

[node name="Grass34" type="MeshInstance3D" parent="." unique_id=185876682]
transform = Transform3D(1, 0, 0, 0, 1, 0, 0, 0, 1, -0.48195422, 0.7884161, 0.46217108)
mesh = ExtResource("4_0dv4q")

[node name="Grass35" type="MeshInstance3D" parent="." unique_id=1006702973]
transform = Transform3D(1, 0, 0, 0, 1, 0, 0, 0, 1, -0.48195422, 0.6973153, -0.4852779)
mesh = ExtResource("2_vfrjh")

[node name="Grass36" type="MeshInstance3D" parent="." unique_id=1433262433]
transform = Transform3D(-0.6134724, 0, 0.7897162, 0, 1, 0, -0.7897162, 0, -0.6134724, -0.48195422, 0.66998506, -0.61281896)
mesh = ExtResource("2_vfrjh")

[node name="Grass37" type="MeshInstance3D" parent="." unique_id=1661687026]
transform = Transform3D(1, 0, 0, 0, 1, 0, 0, 0, 1, -0.48195422, 0.8795169, -0.9134519)
mesh = ExtResource("3_ubdp6")

[node name="Grass38" type="MeshInstance3D" parent="." unique_id=557535403]
transform = Transform3D(0.9998406, 0, -0.01785377, 0, 1, 0, 0.01785377, 0, 0.9998406, -0.24116826, 0.8795169, -1.1320941)
mesh = ExtResource("3_ubdp6")

[node name="Grass39" type="MeshInstance3D" parent="." unique_id=930323868]
transform = Transform3D(-0.772789, 0, -0.63466305, 0, 1, 0, 0.63466305, 0, -0.772789, -0.3806529, 0.7884161, -1.1975415)
mesh = ExtResource("4_0dv4q")

[node name="Grass40" type="MeshInstance3D" parent="." unique_id=1901868071]
transform = Transform3D(1, 0, 0, 0, 1, 0, 0, 0, 1, -0.48195422, 0.6973153, 0.36195993)
mesh = ExtResource("2_vfrjh")

[node name="Grass41" type="MeshInstance3D" parent="." unique_id=1718862574]
transform = Transform3D(-0.6134724, 0, 0.7897162, 0, 1, 0, -0.7897162, 0, -0.6134724, -0.48195422, 0.66998506, 0.23441887)
mesh = ExtResource("2_vfrjh")

[node name="Grass42" type="MeshInstance3D" parent="." unique_id=1635440601]
transform = Transform3D(1, 0, 0, 0, 1, 0, 0, 0, 1, -0.48195422, 0.8795169, -0.066214085)
mesh = ExtResource("3_ubdp6")

[node name="Grass13" type="MeshInstance3D" parent="." unique_id=1655583004]
transform = Transform3D(0.9998406, 0, -0.01785377, 0, 1, 0, 0.01785377, 0, 0.9998406, 0, 0.8795169, -0.28485632)
mesh = ExtResource("3_ubdp6")

[node name="Grass14" type="MeshInstance3D" parent="." unique_id=433131214]
transform = Transform3D(1, 0, 0, 0, 1, 0, 0, 0, 1, 0, 0.7884161, -0.5854893)
mesh = ExtResource("4_0dv4q")

[node name="Grass15" type="MeshInstance3D" parent="." unique_id=1013872645]
transform = Transform3D(0.99813265, 0.06108338, 0, -0.06108338, 0.99813265, 0, 0, 0, 1, 0.5078857, 0.6974752, 1.4096203)
mesh = ExtResource("2_vfrjh")

[node name="Grass16" type="MeshInstance3D" parent="." unique_id=561357812]
transform = Transform3D(-0.61232686, 0.06108338, 0.7882415, 0.037472967, 0.99813265, -0.048238534, -0.7897162, 0, -0.6134724, 0.5062163, 0.67019594, 1.2820792)
mesh = ExtResource("2_vfrjh")

[node name="Grass17" type="MeshInstance3D" parent="." unique_id=1560744762]
transform = Transform3D(0.99813265, 0.06108338, 0, -0.06108338, 0.99813265, 0, 0, 0, 1, 0.51901525, 0.8793366, 0.98144627)
mesh = ExtResource("3_ubdp6")

[node name="Grass18" type="MeshInstance3D" parent="." unique_id=2115806851]
transform = Transform3D(0.99797356, 0.06108338, -0.01782043, -0.061073646, 0.99813265, 0.0010905686, 0.01785377, 0, 0.9998406, 0.51901525, 0.8793366, 0.76280403)
mesh = ExtResource("3_ubdp6")

[node name="Grass19" type="MeshInstance3D" parent="." unique_id=137524495]
transform = Transform3D(0.99813265, 0.06108338, 0, -0.06108338, 0.99813265, 0, 0, 0, 1, 0.5134505, 0.7884059, 0.46217108)
mesh = ExtResource("4_0dv4q")

[node name="Grass20" type="MeshInstance3D" parent="." unique_id=1576481645]
transform = Transform3D(0.99813265, 0.06108338, 0, -0.06108338, 0.99813265, 0, 0, 0, 1, 0.5078857, 0.6974752, -0.4852779)
mesh = ExtResource("2_vfrjh")

[node name="Grass21" type="MeshInstance3D" parent="." unique_id=843391418]
transform = Transform3D(-0.61232686, 0.06108338, 0.7882415, 0.037472967, 0.99813265, -0.048238534, -0.7897162, 0, -0.6134724, 0.5062163, 0.67019594, -0.61281896)
mesh = ExtResource("2_vfrjh")

[node name="Grass22" type="MeshInstance3D" parent="." unique_id=121666855]
transform = Transform3D(0.99813265, 0.06108338, 0, -0.06108338, 0.99813265, 0, 0, 0, 1, 0.51901525, 0.8793366, -0.9134519)
mesh = ExtResource("3_ubdp6")

[node name="Grass23" type="MeshInstance3D" parent="." unique_id=1566713972]
transform = Transform3D(0.99797356, 0.06108338, -0.01782043, -0.061073646, 0.99813265, 0.0010905686, 0.01785377, 0, 0.9998406, 0.51901525, 0.8793366, -1.1320941)
mesh = ExtResource("3_ubdp6")

[node name="Grass24" type="MeshInstance3D" parent="." unique_id=208983979]
transform = Transform3D(0.99813265, 0.06108338, 0, -0.06108338, 0.99813265, 0, 0, 0, 1, 0.5134505, 0.7884059, -1.4327271)
mesh = ExtResource("4_0dv4q")

[node name="Grass25" type="MeshInstance3D" parent="." unique_id=79479422]
transform = Transform3D(0.99813265, 0.06108338, 0, -0.06108338, 0.99813265, 0, 0, 0, 1, 0.5078857, 0.6974752, 0.36195993)
mesh = ExtResource("2_vfrjh")

[node name="Grass26" type="MeshInstance3D" parent="." unique_id=1281595928]
transform = Transform3D(-0.61232686, 0.06108338, 0.7882415, 0.037472967, 0.99813265, -0.048238534, -0.7897162, 0, -0.6134724, 0.5062163, 0.67019594, 0.23441887)
mesh = ExtResource("2_vfrjh")

[node name="Grass27" type="MeshInstance3D" parent="." unique_id=733905575]
transform = Transform3D(0.99813265, 0.06108338, 0, -0.06108338, 0.99813265, 0, 0, 0, 1, 0.51901525, 0.8793366, -0.066214085)
mesh = ExtResource("3_ubdp6")

[node name="Grass28" type="MeshInstance3D" parent="." unique_id=806008038]
transform = Transform3D(0.99797356, 0.06108338, -0.01782043, -0.061073646, 0.99813265, 0.0010905686, 0.01785377, 0, 0.9998406, 0.51901525, 0.8793366, -0.28485632)
mesh = ExtResource("3_ubdp6")

[node name="Grass29" type="MeshInstance3D" parent="." unique_id=1064651438]
transform = Transform3D(0.99813265, 0.06108338, 0, -0.06108338, 0.99813265, 0, 0, 0, 1, 0.5134505, 0.7884059, -0.5854893)
mesh = ExtResource("4_0dv4q")

[node name="Grass43" type="MeshInstance3D" parent="." unique_id=38342453]
transform = Transform3D(1, 0, 0, 0, 1, 0, 0, 0, 1, 0.05179262, 0.7958005, 1.4096203)
mesh = ExtResource("2_vfrjh")

[node name="Grass44" type="MeshInstance3D" parent="." unique_id=829071614]
transform = Transform3D(-0.6134724, 0, 0.7897162, 0, 1, 0, -0.7897162, 0, -0.6134724, 0.05179262, 0.7684703, 1.2820792)
mesh = ExtResource("2_vfrjh")

[node name="Grass45" type="MeshInstance3D" parent="." unique_id=1691888806]
transform = Transform3D(1, 0, 0, 0, 1, 0, 0, 0, 1, 0.05179262, 0.97800213, 0.98144627)
mesh = ExtResource("3_ubdp6")

[node name="Grass46" type="MeshInstance3D" parent="." unique_id=1915228200]
transform = Transform3D(0.9998406, 0, -0.01785377, 0, 1, 0, 0.01785377, 0, 0.9998406, 0.05179262, 0.97800213, 0.76280403)
mesh = ExtResource("3_ubdp6")

[node name="Grass47" type="MeshInstance3D" parent="." unique_id=925802969]
transform = Transform3D(1, 0, 0, 0, 1, 0, 0, 0, 1, 0.05179262, 0.8869013, 0.46217108)
mesh = ExtResource("4_0dv4q")

[node name="Grass48" type="MeshInstance3D" parent="." unique_id=947671155]
transform = Transform3D(1, 0, 0, 0, 1, 0, 0, 0, 1, 0.05179262, 0.7958005, 0.36195993)
mesh = ExtResource("2_vfrjh")

[node name="Grass49" type="MeshInstance3D" parent="." unique_id=657706555]
transform = Transform3D(-0.6134724, 0, 0.7897162, 0, 1, 0, -0.7897162, 0, -0.6134724, 0.05179262, 0.7684703, 0.23441887)
mesh = ExtResource("2_vfrjh")

[node name="Grass50" type="MeshInstance3D" parent="." unique_id=2051120282]
transform = Transform3D(1, 0, 0, 0, 1, 0, 0, 0, 1, 0.05179262, 0.97800213, -0.066214085)
mesh = ExtResource("3_ubdp6")

[node name="Grass51" type="MeshInstance3D" parent="." unique_id=37028495]
transform = Transform3D(1, 0, 0, 0, 1, 0, 0, 0, 1, -0.4301616, 0.7958005, 0.36195993)
mesh = ExtResource("2_vfrjh")

[node name="Grass52" type="MeshInstance3D" parent="." unique_id=466668123]
transform = Transform3D(-0.6134724, 0, 0.7897162, 0, 1, 0, -0.7897162, 0, -0.6134724, -0.4301616, 0.7684703, 0.23441887)
mesh = ExtResource("2_vfrjh")

[node name="Grass53" type="MeshInstance3D" parent="." unique_id=638950328]
transform = Transform3D(0.9998406, 0, -0.01785377, 0, 1, 0, 0.01785377, 0, 0.9998406, 0.05179262, 0.97800213, -0.28485632)
mesh = ExtResource("3_ubdp6")

[node name="Grass54" type="MeshInstance3D" parent="." unique_id=292149943]
transform = Transform3D(0.99813265, 0.06108338, 0, -0.06108338, 0.99813265, 0, 0, 0, 1, 0.5596783, 0.7959604, 1.4096203)
mesh = ExtResource("2_vfrjh")

[node name="Grass55" type="MeshInstance3D" parent="." unique_id=351558295]
transform = Transform3D(-0.61232686, 0.06108338, 0.7882415, 0.037472967, 0.99813265, -0.048238534, -0.7897162, 0, -0.6134724, 0.5580089, 0.76868117, 1.2820792)
mesh = ExtResource("2_vfrjh")

[node name="Grass56" type="MeshInstance3D" parent="." unique_id=461708851]
transform = Transform3D(0.99813265, 0.06108338, 0, -0.06108338, 0.99813265, 0, 0, 0, 1, 0.57080793, 0.9778218, 0.98144627)
mesh = ExtResource("3_ubdp6")

[node name="Grass57" type="MeshInstance3D" parent="." unique_id=1457234602]
transform = Transform3D(0.99797356, 0.06108338, -0.01782043, -0.061073646, 0.99813265, 0.0010905686, 0.01785377, 0, 0.9998406, 0.57080793, 0.9778218, 0.76280403)
mesh = ExtResource("3_ubdp6")

[node name="Grass58" type="MeshInstance3D" parent="." unique_id=426880288]
transform = Transform3D(0.99813265, 0.06108338, 0, -0.06108338, 0.99813265, 0, 0, 0, 1, 0.5652431, 0.8868911, 0.46217108)
mesh = ExtResource("4_0dv4q")

[node name="Grass59" type="MeshInstance3D" parent="." unique_id=1051350262]
transform = Transform3D(0.99813265, 0.06108338, 0, -0.06108338, 0.99813265, 0, 0, 0, 1, 0.5596783, 0.7959604, -0.4852779)
mesh = ExtResource("2_vfrjh")

[node name="Grass60" type="MeshInstance3D" parent="." unique_id=2020165560]
transform = Transform3D(-0.61232686, 0.06108338, 0.7882415, 0.037472967, 0.99813265, -0.048238534, -0.7897162, 0, -0.6134724, 0.5580089, 0.76868117, -0.61281896)
mesh = ExtResource("2_vfrjh")

[node name="Grass61" type="MeshInstance3D" parent="." unique_id=1097273447]
transform = Transform3D(0.99813265, 0.06108338, 0, -0.06108338, 0.99813265, 0, 0, 0, 1, 0.57080793, 0.9778218, -0.9134519)
mesh = ExtResource("3_ubdp6")

[node name="Grass62" type="MeshInstance3D" parent="." unique_id=392010826]
transform = Transform3D(0.99813265, 0.06108338, 0, -0.06108338, 0.99813265, 0, 0, 0, 1, 0.5596783, 0.7959604, 0.36195993)
mesh = ExtResource("2_vfrjh")

[node name="Grass63" type="MeshInstance3D" parent="." unique_id=1707964985]
transform = Transform3D(-0.61232686, 0.06108338, 0.7882415, 0.037472967, 0.99813265, -0.048238534, -0.7897162, 0, -0.6134724, 0.5580089, 0.76868117, 0.23441887)
mesh = ExtResource("2_vfrjh")

[node name="Grass64" type="MeshInstance3D" parent="." unique_id=594429002]
transform = Transform3D(0.99813265, 0.06108338, 0, -0.06108338, 0.99813265, 0, 0, 0, 1, 0.57080793, 0.9778218, -0.066214085)
mesh = ExtResource("3_ubdp6")

[node name="Grass65" type="MeshInstance3D" parent="." unique_id=1564997301]
transform = Transform3D(0.99797356, 0.06108338, -0.01782043, -0.061073646, 0.99813265, 0.0010905686, 0.01785377, 0, 0.9998406, 0.57080793, 0.9778218, -0.28485632)
mesh = ExtResource("3_ubdp6")

[node name="Grass66" type="MeshInstance3D" parent="." unique_id=1080191749]
transform = Transform3D(0.99813265, 0.06108338, 0, -0.06108338, 0.99813265, 0, 0, 0, 1, 0.5652431, 0.8868911, -0.5854893)
mesh = ExtResource("4_0dv4q")

[node name="Rock3" type="MeshInstance3D" parent="." unique_id=935587158]
transform = Transform3D(1, 0, 0, 0, 1, 0, 0, 0, 1, 0.58548427, 1.0066648, 1.004312)
mesh = ExtResource("5_fvn4k")

[node name="SignRight" type="MeshInstance3D" parent="." unique_id=832184370]
transform = Transform3D(-0.012234426, 0, 0.99992514, 0, 1, 0, -0.99992514, 0, -0.012234426, -0.5373126, 1.0066648, -0.45877314)
mesh = ExtResource("6_pidro")

[node name="Tree1" type="MeshInstance3D" parent="." unique_id=1932481768]
transform = Transform3D(1, 0, 0, 0, 1, 0, 0, 0, 1, -0.5847559, 1.0066648, 0.747036)
mesh = ExtResource("7_jlssg")

[node name="Tree2" type="MeshInstance3D" parent="." unique_id=1829297823]
transform = Transform3D(1, 0, 0, 0, 1, 0, 0, 0, 1, -0.5445657, 1.0066648, 1.3425736)
mesh = ExtResource("8_xnehm")
